5 0.903906 0.152083 0.154687 0.273611
1 0.881250 0.443750 0.237500 0.187500
1 0.862891 0.600000 0.274219 0.400000
1 0.657031 0.793056 0.357812 0.413889
8 0.830469 0.384722 0.135937 0.072222
8 0.899219 0.469444 0.037500 0.127778
8 0.524219 0.666667 0.085938 0.152778
2 0.984375 0.477778 0.031250 0.066667
2 0.635938 0.888194 0.226562 0.223611
4 0.683203 0.495833 0.191406 0.450000
4 0.275781 0.689583 0.271875 0.495833
4 0.141797 0.845833 0.280469 0.308333
0 0.351953 0.309028 0.430469 0.615278
0 0.517969 0.234028 0.181250 0.456944
