5 0.866406 0.454861 0.114063 0.279167
5 0.766406 0.422917 0.103125 0.243056
5 0.663672 0.428472 0.094531 0.284722
8 0.687109 0.580556 0.099219 0.072222
8 0.742188 0.607639 0.028125 0.062500
8 0.564453 0.654861 0.099219 0.093056
1 0.765234 0.606944 0.257031 0.113889
1 0.784766 0.664583 0.213281 0.176389
1 0.694531 0.743056 0.357812 0.261111
2 0.702734 0.767361 0.160156 0.098611
0 0.487500 0.372222 0.339063 0.469444
0 0.369922 0.338194 0.485156 0.598611
3 0.387109 0.794444 0.549219 0.375000
4 0.523438 0.506944 0.239063 0.411111
4 0.279297 0.487500 0.266406 0.513889
4 0.282422 0.448611 0.236719 0.430556
