6 0.225391 0.399306 0.094531 0.343056
6 0.291016 0.429167 0.082031 0.375000
6 0.346875 0.437500 0.082813 0.358333
0 0.585547 0.468056 0.158594 0.469444
0 0.839453 0.527778 0.150781 0.525000
4 0.793359 0.770833 0.097656 0.458333
3 0.108594 0.598611 0.192188 0.175000
4 0.175781 0.631944 0.173438 0.380556
1 0.338281 0.734028 0.260938 0.209722
1 0.671875 0.847222 0.360938 0.152778
1 0.920313 0.920139 0.159375 0.159722
2 0.597266 0.859722 0.135156 0.044444
2 0.946875 0.960417 0.106250 0.076389
2 0.278125 0.465972 0.168750 0.068056
