5 0.966406 0.684722 0.067188 0.272222
5 0.886328 0.600694 0.127344 0.304167
5 0.764453 0.564583 0.107031 0.295833
0 0.557813 0.449306 0.395312 0.454167
0 0.400000 0.343056 0.364062 0.502778
3 0.223828 0.752778 0.447656 0.427778
4 0.342187 0.528472 0.345313 0.368056
4 0.148828 0.389583 0.147656 0.443056
4 0.085938 0.406250 0.171875 0.518056
8 0.742578 0.717361 0.085156 0.087500
8 0.789844 0.768056 0.020312 0.080556
8 0.537109 0.731250 0.077344 0.109722
1 0.832422 0.781250 0.258594 0.201389
1 0.789844 0.835417 0.232812 0.229167
1 0.655469 0.838194 0.310937 0.323611
2 0.632422 0.906944 0.175781 0.144444
