6 0.368359 0.399306 0.066406 0.301389
6 0.313672 0.405556 0.061719 0.327778
6 0.239844 0.403472 0.079687 0.331944
3 0.112500 0.561111 0.173438 0.130556
4 0.176953 0.450694 0.085156 0.143056
4 0.128906 0.458333 0.079687 0.150000
4 0.113672 0.453472 0.071094 0.129167
0 0.523047 0.471528 0.205469 0.448611
0 0.771875 0.518750 0.170312 0.498611
1 0.726172 0.845139 0.242969 0.295833
1 0.521484 0.791667 0.342969 0.150000
1 0.311328 0.715972 0.255469 0.137500
8 0.401953 0.669444 0.066406 0.052778
8 0.620703 0.788194 0.139844 0.048611
8 0.694922 0.750000 0.033594 0.083333
2 0.723437 0.920833 0.148438 0.066667
2 0.290234 0.713889 0.110156 0.036111
2 0.245703 0.475694 0.067969 0.079167
2 0.310156 0.452778 0.043750 0.075000
2 0.368359 0.432639 0.046094 0.065278
