0 0.829687 0.554167 0.325000 0.738889
1 0.449609 0.883333 0.430469 0.225000
8 0.600391 0.833333 0.132031 0.063889
2 0.410156 0.897917 0.221875 0.095833
3 0.230469 0.563194 0.245312 0.195833
4 0.246875 0.416667 0.095312 0.191667
4 0.265625 0.406250 0.145313 0.168056
4 0.335938 0.425000 0.131250 0.175000
6 0.603125 0.407639 0.117188 0.390278
6 0.525781 0.400694 0.109375 0.404167
6 0.437109 0.376389 0.139844 0.447222
2 0.427344 0.484722 0.078125 0.094444
2 0.509375 0.462500 0.065625 0.088889
2 0.595312 0.454167 0.065625 0.102778
