5 0.932813 0.632639 0.131250 0.276389
5 0.833203 0.576389 0.167969 0.288889
0 0.649609 0.413889 0.399219 0.405556
0 0.473047 0.327083 0.517969 0.534722
1 0.865625 0.818750 0.260938 0.284722
1 0.721094 0.831944 0.268750 0.336111
8 0.781250 0.738889 0.079687 0.116667
8 0.966016 0.963194 0.067969 0.037500
1 0.869141 0.900000 0.261719 0.200000
8 0.619531 0.733333 0.054688 0.127778
4 0.672656 0.699306 0.426562 0.279167
4 0.434766 0.477778 0.132031 0.394444
4 0.360156 0.475694 0.150000 0.548611
3 0.393359 0.786806 0.430469 0.426389
2 0.697266 0.942361 0.150781 0.115278
2 0.807031 0.909722 0.081250 0.088889
