0 0.886719 0.260417 0.226562 0.520833
1 0.548828 0.725000 0.557031 0.550000
1 0.271875 0.558333 0.379687 0.316667
2 0.548828 0.873611 0.344531 0.197222
2 0.044531 0.497222 0.079687 0.194444
2 0.416797 0.190278 0.085156 0.083333
2 0.514844 0.153472 0.082813 0.093056
3 0.176953 0.322222 0.214844 0.188889
4 0.076953 0.347917 0.146094 0.540278
4 0.256250 0.134722 0.148438 0.236111
4 0.100391 0.141667 0.122656 0.233333
6 0.407031 0.189583 0.123438 0.356944
6 0.520312 0.182639 0.093750 0.351389
6 0.611719 0.195139 0.120312 0.345833
8 0.552344 0.537500 0.053125 0.158333
8 0.387109 0.445833 0.067969 0.091667
7 0.573438 0.890972 0.689062 0.218056
7 0.304297 0.665278 0.471094 0.258333
