0 0.852734 0.390972 0.294531 0.768056
0 0.585156 0.436806 0.384375 0.606944
1 0.191016 0.737500 0.277344 0.127778
1 0.433594 0.785417 0.535937 0.198611
1 0.711328 0.864583 0.571094 0.265278
2 0.690234 0.920833 0.202344 0.058333
2 0.505859 0.509722 0.066406 0.075000
2 0.331250 0.527778 0.073437 0.097222
2 0.406641 0.510417 0.050781 0.084722
3 0.134375 0.601389 0.179688 0.150000
4 0.069922 0.590972 0.139844 0.379167
2 0.024609 0.693056 0.049219 0.141667
4 0.395312 0.659722 0.235938 0.680556
4 0.094141 0.461806 0.083594 0.156944
6 0.326172 0.459028 0.096094 0.373611
6 0.415234 0.459028 0.086719 0.379167
6 0.494141 0.477083 0.091406 0.331944
7 0.091016 0.811111 0.141406 0.061111
7 0.204297 0.898611 0.180469 0.113889
8 0.946484 0.789583 0.107031 0.093056
8 0.586719 0.736806 0.214062 0.104167
8 0.269531 0.661806 0.070312 0.065278
